all_MLM_score_poisoned:  [[65.93622595444322, 49.09799627959728, 69.95462539792061, 59.12144097406417, 45.67518298421055, 70.46393113024533, 66.30492299888283, 65.03789623687044, 30.912409673910588, 71.05111433099955, 67.4037757506594, 75.86961641721427, 62.38422614475712, 62.38422614475712], [86.03318194613348, 89.94358279455992, 99.65203746877341, 78.9689367750234, 88.48544268870319, 76.66820071573602, 77.06164835415802, 83.1168270339931, 78.24216445352613, 82.44388425328725, 74.57611656443623, 82.74213246434374, 89.41668144365758, 79.90707839085371, 83.36587492682156, 71.62245444420296, 74.96975618649049, 60.58341738600939, 86.086689846632, 98.43329242286927, 78.62405611387476, 86.96024879499237, 84.57998717055307, 77.13026760224602, 78.25777103795554, 80.40495951170669, 91.96950574878065, 76.08381279213972, 76.08381279213972]]

all_MLM_score_clean:  [[15.460382998920977, 14.326691660797223, 22.431796208024025, 34.80055385828018, 18.807135313749313, 20.989563321927562], [70.09635249568964, 81.73043607571162, 60.73826684625237, 56.63722321237583, 65.5125714898877, 64.1680057139456, 82.5132143210867, 66.03751089387879, 49.61781427728056, 101.24777879296744, 64.46851181077363, 78.84313901091082, 62.61610338857281, 55.98667509466395, 66.01550883914024, 75.40102088943968, 69.59156404895475, 70.55499155654616, 82.64919142962026, 78.60334360781417, 80.9423380676053, 56.6245289312501, 71.78558266999244, 67.60370647089076, 86.18748212481296, 52.11169092692944, 84.30655123462202, 66.33546413542717, 65.69113379688133, 53.12936063242523, 74.94503920857096]]
