threshold_list:  [0, 1, 2, 3, 4, 5, 6, 7, 8, 9, 10, 11, 12, 13, 14, 15, 16, 17, 18, 19, 20, 21, 22, 23, 24, 25, 26, 27, 28, 29, 30, 31, 32, 33, 34, 35, 36, 37, 38, 39, 40, 41, 42, 43, 44, 45, 46, 47, 48, 49, 50, 51, 52, 53, 54, 55, 56, 57, 58, 59, 60, 61, 62, 63, 64, 65, 66, 67, 68, 69, 70, 71, 72, 73, 74, 75, 76, 77, 78, 79, 80, 81, 82, 83, 84, 85, 86, 87, 88, 89, 90, 91, 92, 93, 94, 95, 96, 97, 98, 99]

attack_success_rate_list:  [0.0, 0.12, 0.09333333333333334, 0.08666666666666667, 0.10666666666666667, 0.09333333333333334, 0.09333333333333334, 0.14666666666666667, 0.16, 0.17333333333333334, 0.21333333333333335, 0.25333333333333335, 0.2866666666666667, 0.32666666666666666, 0.37333333333333335, 0.41333333333333333, 0.49333333333333335, 0.5466666666666666, 0.54, 0.58, 0.6266666666666667, 0.6533333333333333, 0.68, 0.6866666666666666, 0.7333333333333333, 0.7533333333333333, 0.78, 0.8, 0.8, 0.82, 0.84, 0.8466666666666667, 0.8666666666666667, 0.88, 0.88, 0.8866666666666667, 0.8933333333333333, 0.9, 0.9, 0.9, 0.9066666666666666, 0.9066666666666666, 0.9133333333333333, 0.9133333333333333, 0.9133333333333333, 0.9133333333333333, 0.9133333333333333, 0.9133333333333333, 0.9133333333333333, 0.9133333333333333, 0.9133333333333333, 0.9133333333333333, 0.9133333333333333, 0.9133333333333333, 0.9133333333333333, 0.9133333333333333, 0.9133333333333333, 0.9133333333333333, 0.9133333333333333, 0.9133333333333333, 0.9133333333333333, 0.9133333333333333, 0.9133333333333333, 0.9133333333333333, 0.9133333333333333, 0.9133333333333333, 0.9133333333333333, 0.9133333333333333, 0.9133333333333333, 0.9133333333333333, 0.9133333333333333, 0.9133333333333333, 0.9133333333333333, 0.9133333333333333, 0.9133333333333333, 0.9133333333333333, 0.9133333333333333, 0.9133333333333333, 0.9133333333333333, 0.9133333333333333, 0.9133333333333333, 0.9133333333333333, 0.9133333333333333, 0.9133333333333333, 0.9133333333333333, 0.9133333333333333, 0.9133333333333333, 0.9133333333333333, 0.9133333333333333, 0.9133333333333333, 0.9133333333333333, 0.9133333333333333, 0.9133333333333333, 0.9133333333333333, 0.9133333333333333, 0.9133333333333333, 0.9133333333333333, 0.9133333333333333, 0.9133333333333333, 0.9133333333333333]

clean_acc_list:  [0.07333333333333333, 0.5266666666666666, 0.7, 0.86, 0.8933333333333333, 0.94, 0.9466666666666667, 0.98, 0.9866666666666667, 0.9933333333333333, 0.9933333333333333, 0.9866666666666667, 0.9866666666666667, 0.9866666666666667, 0.9933333333333333, 0.9933333333333333, 0.9933333333333333, 1.0, 1.0, 1.0, 1.0, 1.0, 1.0, 1.0, 1.0, 1.0, 1.0, 1.0, 1.0, 1.0, 1.0, 1.0, 1.0, 1.0, 1.0, 1.0, 1.0, 1.0, 1.0, 1.0, 1.0, 1.0, 1.0, 1.0, 1.0, 1.0, 1.0, 1.0, 1.0, 1.0, 1.0, 1.0, 1.0, 1.0, 1.0, 1.0, 1.0, 1.0, 1.0, 1.0, 1.0, 1.0, 1.0, 1.0, 1.0, 1.0, 1.0, 1.0, 1.0, 1.0, 1.0, 1.0, 1.0, 1.0, 1.0, 1.0, 1.0, 1.0, 1.0, 1.0, 1.0, 1.0, 1.0, 1.0, 1.0, 1.0, 1.0, 1.0, 1.0, 1.0, 1.0, 1.0, 1.0, 1.0, 1.0, 1.0, 1.0, 1.0, 1.0, 1.0]
