threshold_list:  [0, 1, 2, 3, 4, 5, 6, 7, 8, 9, 10, 11, 12, 13, 14, 15, 16, 17, 18, 19, 20, 21, 22, 23, 24, 25, 26, 27, 28, 29]

attack_success_rate_list:  [0.0, 0.2, 0.22, 0.18666666666666668, 0.17333333333333334, 0.16666666666666666, 0.17333333333333334, 0.20333333333333334, 0.22, 0.27, 0.3, 0.32666666666666666, 0.39, 0.4033333333333333, 0.4066666666666667, 0.44, 0.5066666666666667, 0.5733333333333334, 0.62, 0.6833333333333333, 0.7266666666666667, 0.77, 0.82, 0.8366666666666667, 0.8666666666666667, 0.8933333333333333, 0.91, 0.9433333333333334, 0.9466666666666667, 0.95]

clean_acc_list:  [0.22, 0.42, 0.5766666666666667, 0.6733333333333333, 0.73, 0.77, 0.7866666666666666, 0.7966666666666666, 0.8266666666666667, 0.8333333333333334, 0.85, 0.8433333333333334, 0.8433333333333334, 0.85, 0.8533333333333334, 0.8533333333333334, 0.85, 0.8566666666666667, 0.8566666666666667, 0.8633333333333333, 0.8666666666666667, 0.8666666666666667, 0.8666666666666667, 0.87, 0.8666666666666667, 0.8666666666666667, 0.87, 0.8733333333333333, 0.8766666666666667, 0.8766666666666667]
