threshold_list:  [-100, -99, -98, -97, -96, -95, -94, -93, -92, -91, -90, -89, -88, -87, -86, -85, -84, -83, -82, -81, -80, -79, -78, -77, -76, -75, -74, -73, -72, -71, -70, -69, -68, -67, -66, -65, -64, -63, -62, -61, -60, -59, -58, -57, -56, -55, -54, -53, -52, -51, -50, -49, -48, -47, -46, -45, -44, -43, -42, -41, -40, -39, -38, -37, -36, -35, -34, -33, -32, -31, -30, -29, -28, -27, -26, -25, -24, -23, -22, -21, -20, -19, -18, -17, -16, -15, -14, -13, -12, -11, -10, -9, -8, -7, -6, -5, -4, -3, -2, -1]

attack_success_rate_list:  [0.94, 0.94, 0.94, 0.94, 0.94, 0.94, 0.94, 0.94, 0.94, 0.94, 0.94, 0.94, 0.94, 0.94, 0.94, 0.94, 0.94, 0.94, 0.94, 0.94, 0.94, 0.94, 0.94, 0.94, 0.94, 0.94, 0.94, 0.94, 0.94, 0.94, 0.94, 0.9366666666666666, 0.9366666666666666, 0.9366666666666666, 0.9366666666666666, 0.9366666666666666, 0.9366666666666666, 0.9366666666666666, 0.9366666666666666, 0.9366666666666666, 0.9366666666666666, 0.9366666666666666, 0.9333333333333333, 0.93, 0.93, 0.93, 0.93, 0.93, 0.93, 0.93, 0.93, 0.93, 0.93, 0.93, 0.93, 0.9266666666666666, 0.9266666666666666, 0.9266666666666666, 0.9266666666666666, 0.9266666666666666, 0.9266666666666666, 0.9266666666666666, 0.9233333333333333, 0.9166666666666666, 0.9133333333333333, 0.9133333333333333, 0.91, 0.9033333333333333, 0.9033333333333333, 0.9, 0.9, 0.8966666666666666, 0.89, 0.8866666666666667, 0.8833333333333333, 0.8766666666666667, 0.87, 0.87, 0.8566666666666667, 0.8533333333333334, 0.8533333333333334, 0.8466666666666667, 0.83, 0.8233333333333334, 0.82, 0.8033333333333333, 0.7833333333333333, 0.7766666666666666, 0.7666666666666667, 0.7366666666666667, 0.7133333333333334, 0.7033333333333334, 0.7, 0.6766666666666666, 0.66, 0.65, 0.6133333333333333, 0.5966666666666667, 0.57, 0.52]

clean_acc_list:  [0.8666666666666667, 0.8666666666666667, 0.8666666666666667, 0.8666666666666667, 0.8666666666666667, 0.8666666666666667, 0.8666666666666667, 0.8666666666666667, 0.8666666666666667, 0.8666666666666667, 0.8666666666666667, 0.8666666666666667, 0.8666666666666667, 0.8666666666666667, 0.8666666666666667, 0.8666666666666667, 0.8666666666666667, 0.8666666666666667, 0.8666666666666667, 0.8666666666666667, 0.8666666666666667, 0.8666666666666667, 0.8666666666666667, 0.8666666666666667, 0.8666666666666667, 0.8666666666666667, 0.8666666666666667, 0.8666666666666667, 0.8666666666666667, 0.8666666666666667, 0.8666666666666667, 0.8666666666666667, 0.8666666666666667, 0.8666666666666667, 0.8666666666666667, 0.8633333333333333, 0.8633333333333333, 0.8633333333333333, 0.8633333333333333, 0.8633333333333333, 0.8633333333333333, 0.8633333333333333, 0.8633333333333333, 0.8633333333333333, 0.8633333333333333, 0.8633333333333333, 0.8666666666666667, 0.8666666666666667, 0.8666666666666667, 0.8666666666666667, 0.8666666666666667, 0.8666666666666667, 0.8666666666666667, 0.8666666666666667, 0.8666666666666667, 0.8666666666666667, 0.8666666666666667, 0.8633333333333333, 0.8633333333333333, 0.8633333333333333, 0.8633333333333333, 0.8633333333333333, 0.8633333333333333, 0.8633333333333333, 0.8666666666666667, 0.8666666666666667, 0.8666666666666667, 0.8666666666666667, 0.8666666666666667, 0.8666666666666667, 0.8666666666666667, 0.87, 0.8733333333333333, 0.8733333333333333, 0.8733333333333333, 0.8733333333333333, 0.87, 0.87, 0.87, 0.87, 0.8733333333333333, 0.8733333333333333, 0.8733333333333333, 0.8733333333333333, 0.8733333333333333, 0.8733333333333333, 0.8733333333333333, 0.8766666666666667, 0.8766666666666667, 0.8766666666666667, 0.8766666666666667, 0.8766666666666667, 0.8766666666666667, 0.8766666666666667, 0.8766666666666667, 0.8733333333333333, 0.87, 0.8666666666666667, 0.8666666666666667, 0.8666666666666667]
