threshold_list:  [-100, -99, -98, -97, -96, -95, -94, -93, -92, -91, -90, -89, -88, -87, -86, -85, -84, -83, -82, -81, -80, -79, -78, -77, -76, -75, -74, -73, -72, -71, -70, -69, -68, -67, -66, -65, -64, -63, -62, -61, -60, -59, -58, -57, -56, -55, -54, -53, -52, -51, -50, -49, -48, -47, -46, -45, -44, -43, -42, -41, -40, -39, -38, -37, -36, -35, -34, -33, -32, -31, -30, -29, -28, -27, -26, -25, -24, -23, -22, -21, -20, -19, -18, -17, -16, -15, -14, -13, -12, -11, -10, -9, -8, -7, -6, -5, -4, -3, -2, -1]

attack_success_rate_list:  [0.9823609226594301, 0.9823609226594301, 0.9823609226594301, 0.9823609226594301, 0.9823609226594301, 0.9823609226594301, 0.9823609226594301, 0.9816824966078698, 0.9816824966078698, 0.9816824966078698, 0.9810040705563093, 0.9810040705563093, 0.9810040705563093, 0.980325644504749, 0.980325644504749, 0.980325644504749, 0.980325644504749, 0.980325644504749, 0.980325644504749, 0.980325644504749, 0.980325644504749, 0.9796472184531886, 0.9796472184531886, 0.9796472184531886, 0.9796472184531886, 0.9796472184531886, 0.9796472184531886, 0.9789687924016283, 0.9789687924016283, 0.9789687924016283, 0.9789687924016283, 0.9789687924016283, 0.9789687924016283, 0.9789687924016283, 0.9789687924016283, 0.9789687924016283, 0.9789687924016283, 0.9789687924016283, 0.9789687924016283, 0.9782903663500678, 0.9776119402985075, 0.9776119402985075, 0.9769335142469471, 0.9769335142469471, 0.9769335142469471, 0.9769335142469471, 0.9755766621438263, 0.9748982360922659, 0.9742198100407056, 0.9735413839891451, 0.9735413839891451, 0.9735413839891451, 0.9735413839891451, 0.9721845318860244, 0.9708276797829036, 0.9701492537313433, 0.9701492537313433, 0.9694708276797829, 0.9694708276797829, 0.9687924016282226, 0.9667571234735414, 0.9667571234735414, 0.966078697421981, 0.9647218453188603, 0.9633649932157394, 0.9633649932157394, 0.9626865671641791, 0.9620081411126187, 0.9592944369063772, 0.9586160108548168, 0.9579375848032564, 0.9552238805970149, 0.9531886024423338, 0.9484396200814111, 0.94640434192673, 0.9443690637720489, 0.9416553595658074, 0.9396200814111262, 0.9348710990502035, 0.9294436906377205, 0.9253731343283582, 0.9192672998643148, 0.9118046132971506, 0.907055630936228, 0.9043419267299865, 0.8989145183175034, 0.8962008141112618, 0.8887381275440976, 0.8839891451831751, 0.8751696065128901, 0.8683853459972863, 0.8541383989145184, 0.8405698778833107, 0.824966078697422, 0.8154681139755766, 0.7991858887381276, 0.7795115332428765, 0.757123473541384, 0.7340569877883311, 0.7055630936227951]

clean_acc_list:  [0.878, 0.878, 0.878, 0.878, 0.878, 0.878, 0.878, 0.878, 0.878, 0.878, 0.878, 0.878, 0.878, 0.878, 0.878, 0.878, 0.878, 0.878, 0.878, 0.878, 0.878, 0.878, 0.878, 0.878, 0.878, 0.878, 0.878, 0.878, 0.878, 0.878, 0.878, 0.878, 0.878, 0.878, 0.878, 0.878, 0.878, 0.878, 0.878, 0.878, 0.878, 0.878, 0.878, 0.878, 0.878, 0.878, 0.878, 0.878, 0.878, 0.8785, 0.8785, 0.8785, 0.8785, 0.8785, 0.8785, 0.8785, 0.8785, 0.879, 0.879, 0.8795, 0.879, 0.8795, 0.8795, 0.8795, 0.8795, 0.88, 0.88, 0.88, 0.88, 0.8805, 0.8805, 0.88, 0.88, 0.8795, 0.879, 0.878, 0.877, 0.8775, 0.8775, 0.877, 0.8775, 0.8775, 0.878, 0.8775, 0.877, 0.8785, 0.877, 0.878, 0.879, 0.879, 0.877, 0.877, 0.8745, 0.875, 0.873, 0.873, 0.8725, 0.8715, 0.874, 0.8735]
