threshold_list:  [0, 1, 2, 3, 4, 5, 6, 7, 8, 9, 10, 11, 12, 13, 14, 15, 16, 17, 18, 19, 20, 21, 22, 23, 24, 25, 26, 27, 28, 29, 30, 31, 32, 33, 34, 35, 36, 37, 38, 39, 40, 41, 42, 43, 44, 45, 46, 47, 48, 49, 50, 51, 52, 53, 54, 55, 56, 57, 58, 59, 60, 61, 62, 63, 64, 74, 75, 76, 77, 78, 79, 80, 81, 82]

attack_success_rate_list:  [0.0, 0.30043859649122806, 0.37390350877192985, 0.3980263157894737, 0.40131578947368424, 0.39035087719298245, 0.3793859649122807, 0.3574561403508772, 0.34100877192982454, 0.3059210526315789, 0.2850877192982456, 0.25109649122807015, 0.22149122807017543, 0.20175438596491227, 0.20394736842105263, 0.20175438596491227, 0.19846491228070176, 0.19736842105263158, 0.2050438596491228, 0.20723684210526316, 0.21929824561403508, 0.23574561403508773, 0.26096491228070173, 0.3026315789473684, 0.34100877192982454, 0.3991228070175439, 0.44627192982456143, 0.4967105263157895, 0.5471491228070176, 0.5932017543859649, 0.6293859649122807, 0.6699561403508771, 0.7149122807017544, 0.7478070175438597, 0.7905701754385965, 0.8157894736842105, 0.8377192982456141, 0.8497807017543859, 0.8728070175438597, 0.8848684210526315, 0.8914473684210527, 0.9035087719298246, 0.9089912280701754, 0.9177631578947368, 0.9232456140350878, 0.9243421052631579, 0.9265350877192983, 0.9265350877192983, 0.9276315789473685, 0.9276315789473685, 0.9298245614035088, 0.9298245614035088, 0.930921052631579, 0.9320175438596491, 0.9320175438596491, 0.9320175438596491, 0.9320175438596491, 0.9320175438596491, 0.9320175438596491, 0.9320175438596491, 0.9320175438596491, 0.9320175438596491, 0.9320175438596491, 0.9320175438596491, 0.9320175438596491, 0.9320175438596491, 0.9320175438596491, 0.9320175438596491, 0.9320175438596491, 0.9320175438596491, 0.9320175438596491, 0.9320175438596491, 0.9320175438596491, 0.9320175438596491]

clean_acc_list:  [0.4908256880733945, 0.569954128440367, 0.6077981651376146, 0.6628440366972477, 0.6926605504587156, 0.7052752293577982, 0.7362385321100917, 0.7752293577981652, 0.8084862385321101, 0.8222477064220184, 0.8428899082568807, 0.8451834862385321, 0.8692660550458715, 0.8772935779816514, 0.8795871559633027, 0.8899082568807339, 0.893348623853211, 0.8990825688073395, 0.9059633027522935, 0.908256880733945, 0.9071100917431193, 0.9094036697247706, 0.9105504587155964, 0.911697247706422, 0.9128440366972477, 0.9174311926605505, 0.9174311926605505, 0.9174311926605505, 0.9185779816513762, 0.9220183486238532, 0.9220183486238532, 0.9197247706422018, 0.9197247706422018, 0.9185779816513762, 0.9174311926605505, 0.9174311926605505, 0.9174311926605505, 0.9174311926605505, 0.9174311926605505, 0.9174311926605505, 0.9174311926605505, 0.9174311926605505, 0.9174311926605505, 0.9174311926605505, 0.9174311926605505, 0.9174311926605505, 0.9174311926605505, 0.9174311926605505, 0.9174311926605505, 0.9174311926605505, 0.9174311926605505, 0.9174311926605505, 0.9174311926605505, 0.9174311926605505, 0.9174311926605505, 0.9174311926605505, 0.9174311926605505, 0.9174311926605505, 0.9174311926605505, 0.9174311926605505, 0.9174311926605505, 0.9174311926605505, 0.9174311926605505, 0.9174311926605505, 0.9174311926605505, 0.9174311926605505, 0.9174311926605505, 0.9174311926605505, 0.9174311926605505, 0.9174311926605505, 0.9174311926605505, 0.9174311926605505, 0.9174311926605505, 0.9174311926605505]
